1.811400000000000000e+05
1.403680000000000000e+05
1.406940000000000000e+05
1.725010000000000000e+05
1.125740000000000000e+05
1.128020000000000000e+05
1.324330000000000000e+05
1.072150000000000000e+05
1.129420000000000000e+05
1.754700000000000000e+05
1.449770000000000000e+05
1.127380000000000000e+05
1.465110000000000000e+05
1.442530000000000000e+05
1.010140000000000000e+05
1.024360000000000000e+05
1.387670000000000000e+05
1.160700000000000000e+05
1.761940000000000000e+05
1.065980000000000000e+05
1.080390000000000000e+05
1.824010000000000000e+05
1.038620000000000000e+05
1.359630000000000000e+05
1.725830000000000000e+05
1.434590000000000000e+05
1.015100000000000000e+05
1.035590000000000000e+05
1.702060000000000000e+05
1.440710000000000000e+05
1.746150000000000000e+05
1.416820000000000000e+05
1.452500000000000000e+05
1.786470000000000000e+05
1.047300000000000000e+05
1.024800000000000000e+05
1.140770000000000000e+05
1.130330000000000000e+05
1.078130000000000000e+05
1.354180000000000000e+05
1.757250000000000000e+05
1.026020000000000000e+05
1.340400000000000000e+05
1.423480000000000000e+05
1.340650000000000000e+05
1.828600000000000000e+05
1.029240000000000000e+05
1.689930000000000000e+05
1.804300000000000000e+05
1.325920000000000000e+05
1.493270000000000000e+05
1.472110000000000000e+05
1.748080000000000000e+05
1.358810000000000000e+05
1.760870000000000000e+05
1.084210000000000000e+05
1.344340000000000000e+05
1.362830000000000000e+05
1.023250000000000000e+05
1.841710000000000000e+05
